10.364373445998353 Training_Time (s)
2.273157725998317 Test_time (s)

0.7844505158947152 Kappa accuracy (%)
83.33879960642834 Overall accuracy (%)
84.27174294318598 Average accuracy (%)

[79.08170971 83.98519234 89.70799426 62.83562541 97.97752809 97.64893405
 89.09090909 74.01960784 84.0981857 ] Each accuracy (%)

              precision    recall  f1-score   support

           0     0.9332    0.7908    0.8561      6621
           1     0.9573    0.8399    0.8947     18639
           2     0.7428    0.8971    0.8127      2089
           3     0.7484    0.6284    0.6832      3054
           4     0.9932    0.9798    0.9864      1335
           5     0.6377    0.9765    0.7716      5019
           6     0.9005    0.8909    0.8957      1320
           7     0.6409    0.7402    0.6870      3672
           8     0.7249    0.8410    0.7787       937

    accuracy                         0.8334     42686
   macro avg     0.8088    0.8427    0.8184     42686
weighted avg     0.8576    0.8334    0.8376     42686


[[ 5236     0     2    83     0     0   111  1189     0]
 [    0 15654     0   357     0  2614     0    14     0]
 [    3     0  1874     3     0     0     0   209     0]
 [   29   650     1  1919     0   159    19     5   272]
 [    0     0     0     0  1308     0     0     0    27]
 [    0    47     0     0     0  4901     0    71     0]
 [   47     0     0    58     0     5  1176    34     0]
 [  275     1   643    35     0     0     0  2718     0]
 [   21     0     3   109     9     6     0     1   788]]