11.486661557000843 Training_Time (s)
5.598034841999834 Test_time (s)

0.6873578354721778 Kappa accuracy (%)
75.76488778522233 Overall accuracy (%)
80.64683243082565 Average accuracy (%)

[  0.          90.2891786   86.50071805  82.8421742  100.
  98.58537557  99.46969697  73.25708061  94.87726788] Each accuracy (%)

              precision    recall  f1-score   support

           0     0.0000    0.0000    0.0000      6621
           1     0.9708    0.9029    0.9356     18639
           2     0.6698    0.8650    0.7550      2089
           3     0.8887    0.8284    0.8575      3054
           4     0.9688    1.0000    0.9842      1335
           5     0.7265    0.9859    0.8365      5019
           6     0.9074    0.9947    0.9490      1320
           7     0.2974    0.7326    0.4230      3672
           8     0.7916    0.9488    0.8631       937

    accuracy                         0.7576     42686
   macro avg     0.6912    0.8065    0.7338     42686
weighted avg     0.7070    0.7576    0.7206     42686


[[    0     0   128   188     0   199   110  5818   178]
 [    0 16829    55    36     0  1469     0   245     5]
 [    0     0  1807     0     0     0     0   266    16]
 [    0   403    64  2530     0     3     4    27    23]
 [    0     0     0     0  1335     0     0     0     0]
 [    0    71     0     0     0  4948     0     0     0]
 [    0     0     0     0     0     0  1313     0     7]
 [    0    33   642    90     0   192    20  2690     5]
 [    0     0     2     3    43     0     0     0   889]]