12.547705869998026 Training_Time (s)
2.8709757500000705 Test_time (s)

0.8034174926040359 Kappa accuracy (%)
84.81703603054865 Overall accuracy (%)
83.65050877863854 Average accuracy (%)

[81.78522882 85.35329149 87.79320249 64.83300589 79.40074906 97.11097828
 98.93939394 85.9204793  71.71824973] Each accuracy (%)

              precision    recall  f1-score   support

           0     0.9121    0.8179    0.8624      6621
           1     0.9730    0.8535    0.9094     18639
           2     0.6481    0.8779    0.7457      2089
           3     0.9257    0.6483    0.7626      3054
           4     0.9610    0.7940    0.8696      1335
           5     0.6735    0.9711    0.7954      5019
           6     0.9019    0.9894    0.9436      1320
           7     0.6481    0.8592    0.7389      3672
           8     0.8682    0.7172    0.7855       937

    accuracy                         0.8482     42686
   macro avg     0.8346    0.8365    0.8237     42686
weighted avg     0.8762    0.8482    0.8526     42686


[[ 5415     0   141    19     0     6   105   935     0]
 [    0 15909   156    93     0  2152     0   328     1]
 [    9     0  1834     0     0     0     0   245     1]
 [  384   117   302  1980     0   135     9   116    11]
 [    0   177     0     0  1060     1     0     9    88]
 [    0    39    47     0     0  4874    11    48     0]
 [    0     0     0     1     0     0  1306    12     1]
 [  117     0   347     0     0    47     6  3155     0]
 [   12   108     3    46    43    22    11    20   672]]