488.955863991001 Training_Time (s)
82.22336596900095 Test_time (s)

0.8532968331817247 Kappa accuracy (%)
88.67075856252636 Overall accuracy (%)
90.00343799931349 Average accuracy (%)

[94.2606857  87.03793122 65.62948779 91.61755075 99.7752809  86.90974298
 94.77272727 91.09477124 98.93276414] Each accuracy (%)

              precision    recall  f1-score   support

           0     0.8490    0.9426    0.8934      6621
           1     0.9981    0.8704    0.9299     18639
           2     0.9863    0.6563    0.7882      2089
           3     0.8415    0.9162    0.8773      3054
           4     0.9809    0.9978    0.9892      1335
           5     0.8653    0.8691    0.8672      5019
           6     0.9026    0.9477    0.9246      1320
           7     0.6029    0.9109    0.7256      3672
           8     0.8974    0.9893    0.9411       937

    accuracy                         0.8867     42686
   macro avg     0.8804    0.9000    0.8818     42686
weighted avg     0.9079    0.8867    0.8905     42686


[[ 6241     0    12     0     0    22     4   289    53]
 [  634 16223     0   489     5   646   101   541     0]
 [    9     0  1371     1     0     0     0   705     3]
 [  143    31     0  2798    20     8    22     6    26]
 [    0     0     0     0  1332     0     0     0     3]
 [    0     0     0     0     0  4362     0   657     0]
 [   40     0     0     0     0     3  1251     5    21]
 [  284     0     5    37     1     0     0  3345     0]
 [    0     0     2     0     0     0     8     0   927]]