17.604819972999394 Training_Time (s)
5.782833070999914 Test_time (s)

0.7628419703452164 Kappa accuracy (%)
81.18352621468398 Overall accuracy (%)
86.51135367074484 Average accuracy (%)

[ 66.60625283  75.75513708  68.74102441  95.48133595 100.
  99.94022714  99.84848485  91.0130719   81.21664888] Each accuracy (%)

              precision    recall  f1-score   support

           0     0.9977    0.6661    0.7988      6621
           1     0.9963    0.7576    0.8607     18639
           2     0.8635    0.6874    0.7655      2089
           3     0.7670    0.9548    0.8506      3054
           4     0.8818    1.0000    0.9372      1335
           5     0.6053    0.9994    0.7539      5019
           6     0.7921    0.9985    0.8834      1320
           7     0.5938    0.9101    0.7187      3672
           8     0.4954    0.8122    0.6154       937

    accuracy                         0.8118     42686
   macro avg     0.7770    0.8651    0.7983     42686
weighted avg     0.8721    0.8118    0.8187     42686


[[ 4410     2    35   174     3    69   296   901   731]
 [    0 14120     0   564     0  3202     0   753     0]
 [    0     0  1436    46     0     0     0   601     6]
 [    7    46     0  2916     1     0    21    27    36]
 [    0     0     0     0  1335     0     0     0     0]
 [    0     3     0     0     0  5016     0     0     0]
 [    0     0     0     0     0     0  1318     0     2]
 [    3     1   190   102     8     0    26  3342     0]
 [    0     0     2     0   167     0     3     4   761]]