Run 4
Training Time (s): 107.41804691101424
Test Time (s): 45.88475051004207

Kappa accuracy (%): 0.7967075845883165
Overall accuracy (%): 83.57590470276068
Average accuracy (%): 74.70343360397086

Each accuracy (%): [ 0.         96.04250641 72.08774584 90.77012666 86.28244018 92.40971445
 87.9519735  77.03373016 69.75266525]

Classification Report:
                precision    recall  f1-score   support

     1.Asphalt     0.0000    0.0000    0.0000         0
     2.Meadows     0.7828    0.9604    0.8625      8187
      3.Gravel     0.7801    0.7209    0.7493      9254
       4.Trees     0.7488    0.9077    0.8206      6869
5.Metal sheets     0.8579    0.8628    0.8604      2967
   6.Bare Soil     0.9591    0.9241    0.9413     28576
     7.Bitumen     0.6636    0.8795    0.7564      7246
      8.Bricks     0.4099    0.7703    0.5351      2016
     9.Shadows     0.9237    0.6975    0.7948     23450

      accuracy                         0.8358     88565
     macro avg     0.6806    0.7470    0.7023     88565
  weighted avg     0.8583    0.8358    0.8387     88565


Confusion Matrix:
[[    0     0     0     0     0     0     0     0     0]
 [    0  7863    24    27    40   139    55     5    34]
 [    5   146  6671    66    39   121   341  1732   133]
 [    0    89     3  6235    58   203    15     0   266]
 [    0    20     9    34  2560    13   175   131    25]
 [    1   279    35   810   157 26407   513    36   338]
 [    4     3    27    12    14    40  6373   219   554]
 [    0    32   116     8    44     0   261  1553     2]
 [   11  1613  1667  1135    72   611  1871   113 16357]]
