35.28733419699711 Training_Time (s)
5.248571160016581 Test_time (s)

0.8404195076762006 Kappa accuracy (%)
87.78053694419717 Overall accuracy (%)
85.05655904750614 Average accuracy (%)

[76.03081106 93.45458447 89.3729057  62.01702685 95.65543071 97.70870691
 95.22727273 86.13834423 69.90394877] Each accuracy (%)

              precision    recall  f1-score   support

           0     0.8633    0.7603    0.8085      6621
           1     0.9955    0.9345    0.9641     18639
           2     0.6646    0.8937    0.7624      2089
           3     0.4936    0.6202    0.5497      3054
           4     0.9187    0.9566    0.9372      1335
           5     0.9283    0.9771    0.9520      5019
           6     0.8141    0.9523    0.8778      1320
           7     0.8726    0.8614    0.8669      3672
           8     0.7537    0.6990    0.7254       937

    accuracy                         0.8778     42686
   macro avg     0.8116    0.8506    0.8271     42686
weighted avg     0.8911    0.8778    0.8819     42686


[[ 5034     0   399   833     0     1   129   225     0]
 [    2 17419     2   885    10   314     0     0     7]
 [    3     0  1867    43     1     0     0   138    37]
 [  761    79    84  1894     9    64     0    65    98]
 [    0     0    18     0  1277     0     0     0    40]
 [    0     0     0   102     0  4904     0     0    13]
 [    0     0     0    20     6     0  1257    24    13]
 [   31     0   432    37     1     0     2  3163     6]
 [    0     0     7    23    86     0   156    10   655]]