17.33391899400158 Training_Time (s)
1.7996296460041776 Test_time (s)

0.7542548527895964 Kappa accuracy (%)
80.98205500632525 Overall accuracy (%)
81.51985201421674 Average accuracy (%)

[ 51.60851835  91.88797682  77.78841551  82.44924689 100.
  74.79577605  97.8030303   74.10130719  83.24439701] Each accuracy (%)

              precision    recall  f1-score   support

           0     0.9105    0.5161    0.6588      6621
           1     0.9819    0.9189    0.9494     18639
           2     0.4117    0.7779    0.5384      2089
           3     0.6785    0.8245    0.7444      3054
           4     0.9156    1.0000    0.9560      1335
           5     1.0000    0.7480    0.8558      5019
           6     0.4441    0.9780    0.6108      1320
           7     0.5959    0.7410    0.6606      3672
           8     0.6794    0.8324    0.7482       937

    accuracy                         0.8098     42686
   macro avg     0.7353    0.8152    0.7469     42686
weighted avg     0.8648    0.8098    0.8190     42686


[[ 3417     8   496   217    38     0  1187  1078   180]
 [   50 17127   288   868     8     0    56   203    39]
 [   41     0  1625     1     0     0    29   336    57]
 [   57    13     3  2518     7     0   225   180    51]
 [    0     0     0     0  1335     0     0     0     0]
 [   53   294   890     6     0  3754     0    16     6]
 [    0     0     0     0     0     0  1291     0    29]
 [  135     0   645    20    56     0    89  2721     6]
 [    0     0     0    81    14     0    30    32   780]]