22.123253896001188 Training_Time (s)
5.58932555300089 Test_time (s)

0.8147401956430735 Kappa accuracy (%)
85.51047181745771 Overall accuracy (%)
89.57127876994551 Average accuracy (%)

[71.62060112 84.23198669 85.2082336  92.69810085 99.25093633 98.68499701
 92.5        82.05337691 99.89327641] Each accuracy (%)

              precision    recall  f1-score   support

           0     0.9634    0.7162    0.8216      6621
           1     0.9884    0.8423    0.9095     18639
           2     0.6915    0.8521    0.7635      2089
           3     0.5498    0.9270    0.6902      3054
           4     0.9437    0.9925    0.9675      1335
           5     0.8602    0.9868    0.9192      5019
           6     0.8678    0.9250    0.8955      1320
           7     0.8802    0.8205    0.8493      3672
           8     0.4325    0.9989    0.6037       937

    accuracy                         0.8551     42686
   macro avg     0.7975    0.8957    0.8244     42686
weighted avg     0.8969    0.8551    0.8637     42686


[[ 4742    42   355   203    39    67   150   128   895]
 [   86 15700   304  2037     0   471     0     0    41]
 [    0     0  1780    14     0     0     0   266    29]
 [   32    74    12  2831    10     8     0    16    71]
 [    0     0     0     0  1325     0     0     0    10]
 [    0    66     0     0     0  4953     0     0     0]
 [    0     0     0     0     0     5  1221     0    94]
 [   62     3   123    63    30   254    36  3013    88]
 [    0     0     0     1     0     0     0     0   936]]