14.990308185995673 Training_Time (s)
1.4649940599920228 Test_time (s)

0.823099905236478 Kappa accuracy (%)
86.46394602445767 Overall accuracy (%)
88.33304983308736 Average accuracy (%)

[ 33.37864371  98.18659799  83.05409287  95.77603143 100.
  97.74855549  98.25757576  88.916122    99.67982924] Each accuracy (%)

              precision    recall  f1-score   support

           0     1.0000    0.3338    0.5005      6621
           1     0.9912    0.9819    0.9865     18639
           2     0.4379    0.8305    0.5735      2089
           3     0.8029    0.9578    0.8735      3054
           4     1.0000    1.0000    1.0000      1335
           5     0.9279    0.9775    0.9521      5019
           6     0.6873    0.9826    0.8089      1320
           7     0.6684    0.8892    0.7631      3672
           8     0.9211    0.9968    0.9575       937

    accuracy                         0.8646     42686
   macro avg     0.8263    0.8833    0.8239     42686
weighted avg     0.9062    0.8646    0.8539     42686


[[ 2210     0  1983   373     0   160   590  1270    35]
 [    0 18301     9   249     0    80     0     0     0]
 [    0     0  1735    17     0     0     0   337     0]
 [    0    49     0  2925     0    55     0     5    20]
 [    0     0     0     0  1335     0     0     0     0]
 [    0   113     0     0     0  4906     0     0     0]
 [    0     0     0     0     0     2  1297     8    13]
 [    0     0   235    76     0    84     0  3265    12]
 [    0     0     0     3     0     0     0     0   934]]