8.064920411000458 Training_Time (s)
1.6569815889997699 Test_time (s)

0.7789415275706089 Kappa accuracy (%)
83.00145246685095 Overall accuracy (%)
85.31508266679137 Average accuracy (%)

[ 47.06237728  94.99436665  93.72905697  94.79371316 100.
  79.17911935  99.09090909  60.26688453  98.71931697] Each accuracy (%)

              precision    recall  f1-score   support

           0     0.9503    0.4706    0.6295      6621
           1     0.9699    0.9499    0.9598     18639
           2     0.5356    0.9373    0.6816      2089
           3     0.8639    0.9479    0.9040      3054
           4     0.9911    1.0000    0.9955      1335
           5     0.8481    0.7918    0.8190      5019
           6     0.7596    0.9909    0.8600      1320
           7     0.8007    0.6027    0.6877      3672
           8     0.2551    0.9872    0.4054       937

    accuracy                         0.8300     42686
   macro avg     0.7749    0.8532    0.7714     42686
weighted avg     0.8876    0.8300    0.8369     42686


[[ 3116     0   134    29     0   304   352   359  2327]
 [   44 17706   261   278     0   340     7     3     0]
 [    0     0  1958     4     0     0     0   104    23]
 [   12     0    12  2895     0    27    52    11    45]
 [    0     0     0     0  1335     0     0     0     0]
 [    0   549   427     0     0  3974     0    69     0]
 [    0     0     0     0     0     0  1308     5     7]
 [  107     0   864   145     0    41     3  2213   299]
 [    0     0     0     0    12     0     0     0   925]]