16.194819710042793 Training_Time (s)
1.849573670013342 Test_time (s)

0.850841379847336 Kappa accuracy (%)
88.47397273110622 Overall accuracy (%)
91.84781384706687 Average accuracy (%)

[ 92.59930524  85.39084715  82.14456678  98.88670596 100.
  88.62323172  99.92424242  80.55555556  98.5058698 ] Each accuracy (%)

              precision    recall  f1-score   support

           0     0.9032    0.9260    0.9145      6621
           1     0.9791    0.8539    0.9122     18639
           2     0.8928    0.8214    0.8556      2089
           3     0.8049    0.9889    0.8875      3054
           4     0.8996    1.0000    0.9471      1335
           5     0.6751    0.8862    0.7664      5019
           6     0.9034    0.9992    0.9489      1320
           7     0.8456    0.8056    0.8251      3672
           8     0.9840    0.9851    0.9845       937

    accuracy                         0.8847     42686
   macro avg     0.8764    0.9185    0.8935     42686
weighted avg     0.8987    0.8847    0.8872     42686


[[ 6131     0    34   134     3    24   127   161     7]
 [   41 15916   118   371    72  2114     0     7     0]
 [   94     0  1716    40     2     0     0   235     2]
 [    5    15     1  3020     6     0     5     0     2]
 [    0     0     0     0  1335     0     0     0     0]
 [    0   316     0    63    52  4448     4   136     0]
 [    0     0     0     0     0     0  1319     1     0]
 [  515     8    53   118     9     3     4  2958     4]
 [    2     0     0     6     5     0     1     0   923]]