29.324029745999724 Training_Time (s)
3.9247851939871907 Test_time (s)

0.7977222906418062 Kappa accuracy (%)
84.1072014243546 Overall accuracy (%)
88.90674695110134 Average accuracy (%)

[84.32260988 78.4591448  93.15461944 69.02423052 99.70037453 96.53317394
 96.81818182 90.68627451 91.46211313] Each accuracy (%)

              precision    recall  f1-score   support

           0     0.9847    0.8432    0.9085      6621
           1     0.9871    0.7846    0.8743     18639
           2     0.7787    0.9315    0.8483      2089
           3     0.9270    0.6902    0.7913      3054
           4     0.9780    0.9970    0.9874      1335
           5     0.5659    0.9653    0.7135      5019
           6     0.9247    0.9682    0.9460      1320
           7     0.7405    0.9069    0.8153      3672
           8     0.5267    0.9146    0.6685       937

    accuracy                         0.8411     42686
   macro avg     0.8237    0.8891    0.8392     42686
weighted avg     0.8892    0.8411    0.8496     42686


[[ 5583     0   157    36     0     0    15   820    10]
 [   11 14624     5    85     0  3688    88   138     0]
 [    1     0  1946     0     0     0     0   142     0]
 [   41    71     4  2108     2    28     0    44   756]
 [    0     0     0     0  1331     0     0     0     4]
 [    2   119    53     0     0  4845     0     0     0]
 [   20     0     0     0     0     0  1278    22     0]
 [   12     0   330     0     0     0     0  3330     0]
 [    0     1     4    45    28     0     1     1   857]]