4.370994560000327 Training_Time (s)
1.5559776690006402 Test_time (s)

0.781843218826001 Kappa accuracy (%)
82.93585718971092 Overall accuracy (%)
86.78392303992601 Average accuracy (%)

[ 81.21129739  83.06239605  94.06414552  95.08840864 100.
  97.35006974  99.77272727  33.38779956  97.11846318] Each accuracy (%)

              precision    recall  f1-score   support

           0     0.9011    0.8121    0.8543      6621
           1     0.9907    0.8306    0.9036     18639
           2     0.7844    0.9406    0.8555      2089
           3     0.7083    0.9509    0.8119      3054
           4     0.9904    1.0000    0.9952      1335
           5     0.6865    0.9735    0.8052      5019
           6     0.3528    0.9977    0.5213      1320
           7     0.8982    0.3339    0.4868      3672
           8     0.9848    0.9712    0.9780       937

    accuracy                         0.8294     42686
   macro avg     0.8108    0.8678    0.8013     42686
weighted avg     0.8829    0.8294    0.8323     42686


[[ 5377     0    22   339     0    11   868     0     4]
 [  313 15482     0   625     0  2199     0    20     0]
 [   12     0  1965    12     0     0    74    24     2]
 [    4    99     0  2904     0    16     7    16     8]
 [    0     0     0     0  1335     0     0     0     0]
 [    0    46     0     8     0  4886     0    79     0]
 [    3     0     0     0     0     0  1317     0     0]
 [  251     0   518   208     0     4  1465  1226     0]
 [    7     0     0     4    13     1     2     0   910]]