Run 3
Training Time (s): 109.20033017598325
Test Time (s): 36.41159679502016

Kappa accuracy (%): 0.8526787016362549
Overall accuracy (%): 88.08237246308983
Average accuracy (%): 78.3255232193256

Each accuracy (%): [ 0.         94.97626582 84.73761238 92.76538201 95.88571429 87.0675808
 84.00773196 74.80862909 90.68079262]

Classification Report:
                precision    recall  f1-score   support

     1.Asphalt     0.0000    0.0000    0.0000         0
     2.Meadows     0.8576    0.9498    0.9013      7584
      3.Gravel     0.8645    0.8474    0.8558      9566
       4.Trees     0.9413    0.9277    0.9344     10353
5.Metal sheets     0.9507    0.9589    0.9548      1750
   6.Bare Soil     0.9759    0.8707    0.9203     25525
     7.Bitumen     0.7998    0.8401    0.8194      7760
      8.Bricks     0.6882    0.7481    0.7169      2874
     9.Shadows     0.6892    0.9068    0.7832      5097

      accuracy                         0.8808     70509
     macro avg     0.7519    0.7833    0.7651     70509
  weighted avg     0.8905    0.8808    0.8831     70509


Confusion Matrix:
[[    0     0     0     0     0     0     0     0     0]
 [    0  7203    98    28     3   172     2    27    51]
 [    0   242  8106    30     8    56    95   583   446]
 [    0   247    19  9604     2   199     8    22   252]
 [    0     1     4     1  1678    11    12    41     2]
 [   12   443   525   441    14 22224  1255   100   511]
 [    0     1   155    12    20    67  6519   187   799]
 [    0   110   385     8    40    23   135  2150    23]
 [    0   152    85    79     0    20   125    14  4622]]
