29.57132518999424 Training_Time (s)
4.047552734002238 Test_time (s)

0.6571591873799585 Kappa accuracy (%)
72.51323618985147 Overall accuracy (%)
78.62499082073805 Average accuracy (%)

[71.13729044 63.90900799 55.86404978 85.06876228 99.7752809  96.03506675
 87.1969697  68.38235294 80.25613661] Each accuracy (%)

              precision    recall  f1-score   support

           0     0.7239    0.7114    0.7176      6621
           1     0.9632    0.6391    0.7684     18639
           2     0.9096    0.5586    0.6922      2089
           3     0.7472    0.8507    0.7956      3054
           4     0.9838    0.9978    0.9907      1335
           5     0.4839    0.9604    0.6436      5019
           6     0.8257    0.8720    0.8482      1320
           7     0.4643    0.6838    0.5531      3672
           8     0.8026    0.8026    0.8026       937

    accuracy                         0.7251     42686
   macro avg     0.7671    0.7862    0.7569     42686
weighted avg     0.8016    0.7251    0.7357     42686


[[ 4710     0    32    12     0     9   228  1629     1]
 [   12 11912     5   780     0  5119     0   667   144]
 [  676     0  1167     0     0     0     0   246     0]
 [   30   321     3  2598     6    12    14    30    40]
 [    0     3     0     0  1332     0     0     0     0]
 [    0     0     0     6     0  4820     0   193     0]
 [    0     0     0    40     0     0  1151   129     0]
 [ 1070    14    74     2     0     0     1  2511     0]
 [    8   117     2    39    16     0     0     3   752]]