32.133852167999066 Training_Time (s)
5.853257037000731 Test_time (s)

0.8873066023502677 Kappa accuracy (%)
91.4585578409783 Overall accuracy (%)
91.65469411736835 Average accuracy (%)

[ 81.7550219   95.68646387  92.67592149  94.62999345 100.
  92.48854353  95.3030303   77.36928105  94.98399146] Each accuracy (%)

              precision    recall  f1-score   support

           0     0.9758    0.8176    0.8897      6621
           1     0.9648    0.9569    0.9608     18639
           2     0.7170    0.9268    0.8085      2089
           3     0.7769    0.9463    0.8533      3054
           4     0.9674    1.0000    0.9834      1335
           5     0.8948    0.9249    0.9096      5019
           6     0.9640    0.9530    0.9585      1320
           7     0.8552    0.7737    0.8124      3672
           8     0.8574    0.9498    0.9013       937

    accuracy                         0.9146     42686
   macro avg     0.8859    0.9165    0.8975     42686
weighted avg     0.9210    0.9146    0.9152     42686


[[ 5413   176   157   546     0    26    36   167   100]
 [    0 17835    24   150     0   489     0   135     6]
 [    2     0  1936    15     0     0     0   128     8]
 [   11    86     9  2890     0    31     0    25     2]
 [    0     0     0     0  1335     0     0     0     0]
 [    0   373     0     0     0  4642     0     4     0]
 [   17     0     0     0     0     0  1258    22    23]
 [  104    14   571   114     8     0    11  2841     9]
 [    0     2     3     5    37     0     0     0   890]]