15.29157998699975 Training_Time (s)
1.6026175259994488 Test_time (s)

0.8407076843218024 Kappa accuracy (%)
87.70791360164925 Overall accuracy (%)
90.89703433900088 Average accuracy (%)

[ 88.08337109  85.26208488  85.87841072  90.70072037 100.
  92.30922495  97.34848485  81.37254902  97.11846318] Each accuracy (%)

              precision    recall  f1-score   support

           0     0.8902    0.8808    0.8855      6621
           1     0.9715    0.8526    0.9082     18639
           2     0.9029    0.8588    0.8803      2089
           3     0.9286    0.9070    0.9177      3054
           4     0.9702    1.0000    0.9849      1335
           5     0.6583    0.9231    0.7685      5019
           6     0.9245    0.9735    0.9483      1320
           7     0.7561    0.8137    0.7838      3672
           8     0.8667    0.9712    0.9160       937

    accuracy                         0.8771     42686
   macro avg     0.8743    0.9090    0.8881     42686
weighted avg     0.8933    0.8771    0.8807     42686


[[ 5832    23     0   112     6    18    91   456    83]
 [  638 15892     0    41     0  1981     0    87     0]
 [   15     2  1794    23     0    81     0   168     6]
 [    2    55     0  2770     8    35     1   170    13]
 [    0     0     0     0  1335     0     0     0     0]
 [   18   285     0     0     0  4633     0    83     0]
 [    0     0     0     0     0     4  1285     0    31]
 [   46   102   193    18    19   286    13  2988     7]
 [    0     0     0    19     8     0     0     0   910]]