Run 17
Training Time (s): 29.69157784403069
Test Time (s): 14.160346338991076

Kappa accuracy (%): 0.9692133404851291
Overall accuracy (%): 97.42622274542948
Average accuracy (%): 98.1254764453889

Each accuracy (%): [ 98.2728685   95.82489413  97.01306783  99.63276385 100.
  96.92755875  96.39682921  99.59193768  99.46936807]

Classification Report:
                precision    recall  f1-score   support

     1.Asphalt     0.9521    0.9827    0.9672     10943
     2.Meadows     0.9924    0.9582    0.9750     21724
      3.Gravel     0.9424    0.9701    0.9561     14463
       4.Trees     0.9998    0.9963    0.9981      6263
5.Metal sheets     1.0000    1.0000    1.0000      1780
   6.Bare Soil     0.9719    0.9693    0.9706     25745
     7.Bitumen     0.9988    0.9640    0.9811      4163
      8.Bricks     0.9991    0.9959    0.9975      8087
     9.Shadows     0.9586    0.9947    0.9763      6219

      accuracy                         0.9743     99387
     macro avg     0.9795    0.9813    0.9802     99387
  weighted avg     0.9747    0.9743    0.9743     99387


Confusion Matrix:
[[10754     0   158     0     0    20     1     0    10]
 [   36 20817    29     0     0   694     0     1   147]
 [  338    88 14031     0     0     0     4     1     1]
 [    0    17     0  6240     0     0     0     5     1]
 [    0     0     0     0  1780     0     0     0     0]
 [  119    28   536     0     0 24954     0     0   108]
 [   48     0   102     0     0     0  4013     0     0]
 [    0     0    32     1     0     0     0  8054     0]
 [    0    26     0     0     0     7     0     0  6186]]
