Run 11
Training Time (s): 29.461650912999175
Test Time (s): 14.896077536977828

Kappa accuracy (%): 0.961704438588228
Overall accuracy (%): 96.80877443967573
Average accuracy (%): 98.06788236875877

Each accuracy (%): [ 96.16544593  92.7800568   96.7487995   99.78009896 100.
  99.554746    99.44454731  99.98522022  98.15202661]

Classification Report:
                precision    recall  f1-score   support

     1.Asphalt     0.9958    0.9617    0.9784      9284
     2.Meadows     0.9899    0.9278    0.9578     31690
      3.Gravel     0.9709    0.9675    0.9692     12703
       4.Trees     1.0000    0.9978    0.9989      9095
5.Metal sheets     1.0000    1.0000    1.0000      2030
   6.Bare Soil     0.9550    0.9955    0.9748     19764
     7.Bitumen     0.9956    0.9944    0.9950      5401
      8.Bricks     0.9987    0.9999    0.9993      6766
     9.Shadows     0.8260    0.9815    0.8971      8117

      accuracy                         0.9681    104850
     macro avg     0.9702    0.9807    0.9745    104850
  weighted avg     0.9708    0.9681    0.9685    104850


Confusion Matrix:
[[ 8928     2   316     0     0    29     3     0     6]
 [    0 29402    47     0     0   654     1     0  1586]
 [    0   234 12290     0     0   158    20     0     1]
 [    0     8     3  9075     0     0     0     9     0]
 [    0     0     0     0  2030     0     0     0     0]
 [    2     0     1     0     0 19676     0     0    85]
 [   30     0     0     0     0     0  5371     0     0]
 [    0     0     1     0     0     0     0  6765     0]
 [    6    57     0     0     0    87     0     0  7967]]
