Run 19
Training Time (s): 29.559383016021457
Test Time (s): 13.935151331010275

Kappa accuracy (%): 0.982294247325479
Overall accuracy (%): 98.51444091974042
Average accuracy (%): 99.09666325107028

Each accuracy (%): [ 98.24289041  99.4344851   99.66188356  99.88317757 100.
  96.54948414  99.97191011  99.7311828   98.39495557]

Classification Report:
                precision    recall  f1-score   support

     1.Asphalt     0.9980    0.9824    0.9901     14171
     2.Meadows     0.9823    0.9943    0.9883     17683
      3.Gravel     0.9371    0.9966    0.9659     12126
       4.Trees     0.9966    0.9988    0.9977      6848
5.Metal sheets     1.0000    1.0000    1.0000      1858
   6.Bare Soil     0.9929    0.9655    0.9790     26170
     7.Bitumen     0.9952    0.9997    0.9975      3560
      8.Bricks     0.9999    0.9973    0.9986      7068
     9.Shadows     0.9919    0.9839    0.9879      6978

      accuracy                         0.9851     96462
     macro avg     0.9882    0.9910    0.9895     96462
  weighted avg     0.9856    0.9851    0.9852     96462


Confusion Matrix:
[[13922     0    88    20     0   127    14     0     0]
 [    0 17583    45     0     0     9     0     0    46]
 [   19    20 12085     2     0     0     0     0     0]
 [    0     6     1  6840     0     0     0     1     0]
 [    0     0     0     0  1858     0     0     0     0]
 [    2   240   650     0     0 25267     1     0    10]
 [    0     0     1     0     0     0  3559     0     0]
 [    0     0    16     1     0     0     2  7049     0]
 [    7    51    10     0     0    44     0     0  6866]]
