8.165932200998213 Training_Time (s)
1.7645911020008498 Test_time (s)

0.7485325745249599 Kappa accuracy (%)
80.17617017289041 Overall accuracy (%)
77.1158269824328 Average accuracy (%)

[79.59522731 77.12860132 92.14935376 91.02815979 95.65543071 97.82825264
 98.71212121 39.48801743 99.57310566  0.        ] Each accuracy (%)

              precision    recall  f1-score   support

           0     0.9396    0.7960    0.8618      6621
           1     0.9805    0.7713    0.8634     18639
           2     0.5187    0.9215    0.6638      2089
           3     0.6931    0.9103    0.7870      3054
           4     1.0000    0.9566    0.9778      1335
           5     0.5788    0.9783    0.7273      5019
           6     0.9422    0.9871    0.9641      1320
           7     0.6735    0.3949    0.4979      3672
           8     0.6973    0.9957    0.8202       937
           9     0.0000    0.0000    0.0000         0

    accuracy                         0.8018     42686
   macro avg     0.7024    0.7712    0.7163     42686
weighted avg     0.8506    0.8018    0.8062     42686


[[ 5270    48    85   479     0     0    22   421   296     0]
 [  135 14376     0   237     0  3555    12   245    20    59]
 [    0    17  1925   114     0     0     0    22    11     0]
 [    0   221     0  2780     0     9     9     2    33     0]
 [    4     0     0     0  1277     0    35     0    19     0]
 [   30     0    54    18     0  4910     0     7     0     0]
 [    0     0     3     0     0     6  1303     6     2     0]
 [  170     0  1644   380     0     3     1  1450    24     0]
 [    0     0     0     3     0     0     1     0   933     0]
 [    0     0     0     0     0     0     0     0     0     0]]