Run 10
Training Time (s): 29.61346742499154
Test Time (s): 15.52779656497296

Kappa accuracy (%): 0.9602428459980473
Overall accuracy (%): 96.67951433930921
Average accuracy (%): 97.38235725412261

Each accuracy (%): [98.45804447 97.62299261 95.02275114 99.80870935 99.90974729 92.72447409
 96.53868528 96.76088803 99.59492304]

Classification Report:
                precision    recall  f1-score   support

     1.Asphalt     0.9273    0.9846    0.9551      8366
     2.Meadows     0.9571    0.9762    0.9666     31384
      3.Gravel     0.9946    0.9502    0.9719     14285
       4.Trees     0.9742    0.9981    0.9860      8887
5.Metal sheets     1.0000    0.9991    0.9995      2216
   6.Bare Soil     0.9767    0.9272    0.9513     19490
     7.Bitumen     0.9994    0.9654    0.9821      6876
      8.Bricks     1.0000    0.9676    0.9835      8243
     9.Shadows     0.9027    0.9959    0.9470      7406

      accuracy                         0.9668    107153
     macro avg     0.9702    0.9738    0.9715    107153
  weighted avg     0.9679    0.9668    0.9669    107153


Confusion Matrix:
[[ 8237     2    27     0     0    57     2     0    41]
 [    7 30638     9     0     0    10     1     0   719]
 [  305    44 13574     8     0   351     0     0     3]
 [    0     9     6  8870     0     0     0     0     2]
 [    2     0     0     0  2214     0     0     0     0]
 [  105  1283     0     0     0 18072     0     0    30]
 [  224    13     1     0     0     0  6638     0     0]
 [    0     8    31   227     0     0     1  7976     0]
 [    3    14     0     0     0    13     0     0  7376]]
