Run 5
Training Time (s): 107.05985325301299
Test Time (s): 48.49844358599512

Kappa accuracy (%): 0.8132675271884349
Overall accuracy (%): 84.86405278198016
Average accuracy (%): 76.44303883410932

Each accuracy (%): [ 0.         95.65386485 84.45343001 90.40942928 88.36129954 89.48273168
 88.20256614 80.83964646 70.58438155]

Classification Report:
                precision    recall  f1-score   support

     1.Asphalt     0.0000    0.0000    0.0000         0
     2.Meadows     0.8034    0.9565    0.8733     10285
      3.Gravel     0.7486    0.8445    0.7937      7172
       4.Trees     0.7688    0.9041    0.8310      8060
5.Metal sheets     0.7653    0.8836    0.8202      2801
   6.Bare Soil     0.9854    0.8948    0.9380     31995
     7.Bitumen     0.7356    0.8820    0.8022      8807
      8.Bricks     0.5665    0.8084    0.6661      3168
     9.Shadows     0.9026    0.7058    0.7922     22896

      accuracy                         0.8486     95184
     macro avg     0.6974    0.7644    0.7241     95184
  weighted avg     0.8661    0.8486    0.8509     95184


Confusion Matrix:
[[    0     0     0     0     0     0     0     0     0]
 [    1  9838    13    19    19   124     0     2   269]
 [    2    81  6057    24     7     1    96   720   184]
 [    0    98     3  7287   224   129    15     9   295]
 [    0    87    10    28  2475     7    49   111    34]
 [   75   711    80  1045   333 28630   218    65   838]
 [    5     1   112    51    19    72  7768   663   116]
 [    0    36   332    52    59    15   105  2561     8]
 [   14  1393  1484   972    98    75  2309   390 16161]]
