Run 15
Training Time (s): 29.380916154012084
Test Time (s): 14.239453952992335

Kappa accuracy (%): 0.9747032623930847
Overall accuracy (%): 97.83531921745431
Average accuracy (%): 97.71667709652993

Each accuracy (%): [99.64827842 96.59004919 96.40558675 99.67013448 97.07482993 99.41837539
 96.36299435 99.82429425 94.45555111]

Classification Report:
                precision    recall  f1-score   support

     1.Asphalt     0.9508    0.9965    0.9731     10804
     2.Meadows     0.9739    0.9659    0.9699     21144
      3.Gravel     0.9954    0.9641    0.9795     14606
       4.Trees     1.0000    0.9967    0.9983      7882
5.Metal sheets     1.0000    0.9707    0.9852      2940
   6.Bare Soil     0.9677    0.9942    0.9807     20288
     7.Bitumen     0.9918    0.9636    0.9775      5664
      8.Bricks     0.9929    0.9982    0.9956      8537
     9.Shadows     0.9723    0.9446    0.9582      7503

      accuracy                         0.9784     99368
     macro avg     0.9828    0.9772    0.9798     99368
  weighted avg     0.9787    0.9784    0.9783     99368


Confusion Matrix:
[[10766     0     2     0     0     7     0     0    29]
 [    1 20423    10     0     0   658    30     0    22]
 [  351   132 14081     0     0     4     9    29     0]
 [    0     6     0  7856     0     0     1    19     0]
 [    6    21    38     0  2854     0     0     0    21]
 [   20     0     0     0     0 20170     0    12    86]
 [  162     0     0     0     0     0  5458     0    44]
 [    0     0    15     0     0     0     0  8522     0]
 [   17   388     0     0     0     5     5     1  7087]]
