12.149863954997272 Training_Time (s)
2.9217991280020215 Test_time (s)

0.6948366805033523 Kappa accuracy (%)
76.56374455324931 Overall accuracy (%)
68.86939532674526 Average accuracy (%)

[68.28273675 85.28354525 83.43705122 48.69024231 60.07490637 93.16596932
 81.28787879 56.69934641 42.90288154] Each accuracy (%)

              precision    recall  f1-score   support

           0     0.9097    0.6828    0.7801      6621
           1     0.9356    0.8528    0.8923     18639
           2     0.6950    0.8344    0.7583      2089
           3     0.3593    0.4869    0.4135      3054
           4     0.9877    0.6007    0.7471      1335
           5     0.6307    0.9317    0.7522      5019
           6     0.8905    0.8129    0.8499      1320
           7     0.5166    0.5670    0.5406      3672
           8     0.6515    0.4290    0.5174       937

    accuracy                         0.7656     42686
   macro avg     0.7307    0.6887    0.6946     42686
weighted avg     0.8007    0.7656    0.7733     42686


[[ 4521    45    12   589     0   418     6  1007    23]
 [    0 15896     0   844     0  1733     0   165     1]
 [   10     8  1743    35     0     2     8   265    18]
 [  114   910     0  1487     0   418    11    14   100]
 [    2     0     9   436   802    13     2    66     5]
 [    0    34    36     0     0  4676     0   273     0]
 [   24     0     0    26     0    31  1073   158     8]
 [  296    98   708   213     0   110   105  2082    60]
 [    3     0     0   509    10    13     0     0   402]]