30.176844559995516 Training_Time (s)
3.9906469689958612 Test_time (s)

0.8803737156191054 Kappa accuracy (%)
90.98533477018226 Overall accuracy (%)
88.84615595975627 Average accuracy (%)

[ 80.01812415  97.43011964  89.3729057   69.48264571 100.
  99.00378561  98.93939394  81.59041394  83.77801494] Each accuracy (%)

              precision    recall  f1-score   support

           0     0.9525    0.8002    0.8697      6621
           1     0.9596    0.9743    0.9669     18639
           2     0.7043    0.8937    0.7878      2089
           3     0.7957    0.6948    0.7418      3054
           4     0.9468    1.0000    0.9727      1335
           5     0.9066    0.9900    0.9465      5019
           6     0.9533    0.9894    0.9710      1320
           7     0.8002    0.8159    0.8080      3672
           8     0.8961    0.8378    0.8660       937

    accuracy                         0.9099     42686
   macro avg     0.8794    0.8885    0.8811     42686
weighted avg     0.9123    0.9099    0.9090     42686


[[ 5298   122   207   415     0     0    64   489    26]
 [    0 18160     0    74     1   404     0     0     0]
 [   14     0  1867     0     0     0     0   169    39]
 [  149   609     3  2122     1    79     0    73    18]
 [    0     0     0     0  1335     0     0     0     0]
 [    0     0     0    34     0  4969     0    16     0]
 [    0     0     0     0     0     6  1306     0     8]
 [   73     0   574     6     0    23     0  2996     0]
 [   28    34     0    16    73     0     0     1   785]]