Run 1
Training Time (s): 277.33885519800015
Test Time (s): 114.26513487500006

Kappa accuracy (%): 0.8322147228154799
Overall accuracy (%): 86.90905683362227
Average accuracy (%): 90.37369339838457

Each accuracy (%): [90.0166138  81.8981705  91.67065582 94.92468893 90.86142322 93.08627217
 95.98484848 82.9248366  91.99573106]

Classification Report:
                precision    recall  f1-score   support

     1.Asphalt     0.8646    0.9002    0.8820      6621
     2.Meadows     0.9848    0.8190    0.8943     18639
      3.Gravel     0.9504    0.9167    0.9332      2089
       4.Trees     0.4998    0.9492    0.6548      3054
5.Metal sheets     1.0000    0.9086    0.9521      1335
   6.Bare Soil     0.8510    0.9309    0.8891      5019
     7.Bitumen     0.9807    0.9598    0.9701      1320
      8.Bricks     0.9361    0.8292    0.8794      3672
     9.Shadows     0.7014    0.9200    0.7959       937

      accuracy                         0.8691     42686
     macro avg     0.8632    0.9037    0.8723     42686
  weighted avg     0.9040    0.8691    0.8773     42686


Confusion Matrix:
[[ 5960     1    48   390     0    45     3    37   137]
 [  544 15265     0  2017     0   763     0    50     0]
 [    0     0  1915    43     0     0     0   119    12]
 [   50    12     1  2899     0     0     0     0    92]
 [    0     0     0    27  1213     0     0     0    95]
 [    4   215     1   121     0  4672     0     2     4]
 [    1     0     0    22     0     3  1267     0    27]
 [  329     7    47   240     0     1     3  3045     0]
 [    5     1     3    41     0     6    19     0   862]]
