96.06810681100069 Training_Time (s)
16.98174565299996 Test_time (s)

0.7890765840482162 Kappa accuracy (%)
83.33411422948977 Overall accuracy (%)
87.46780006500646 Average accuracy (%)

[91.19468358 76.29701164 70.32072762 87.29535036 99.47565543 99.1831042
 91.59090909 75.05446623 96.79829242] Each accuracy (%)

              precision    recall  f1-score   support

           0     0.8906    0.9119    0.9011      6621
           1     0.9954    0.7630    0.8638     18639
           2     0.7687    0.7032    0.7345      2089
           3     0.4900    0.8730    0.6277      3054
           4     0.9962    0.9948    0.9955      1335
           5     0.7620    0.9918    0.8618      5019
           6     0.9758    0.9159    0.9449      1320
           7     0.7892    0.7505    0.7694      3672
           8     0.5431    0.9680    0.6958       937

    accuracy                         0.8333     42686
   macro avg     0.8012    0.8747    0.8216     42686
weighted avg     0.8762    0.8333    0.8410     42686


[[ 6038     5    47   174     0    38    10    96   213]
 [  302 14221   146  2573     0  1091     0     9   297]
 [   18     0  1469     0     0     0     0   600     2]
 [   28    20    40  2666     0   119     0    28   153]
 [    0     0     0     0  1328     0     0     0     7]
 [    0    41     0     0     0  4978     0     0     0]
 [   17     0     0     3     0     0  1209     2    89]
 [  373     0   209    25     0   307     0  2756     2]
 [    4     0     0     0     5     0    20     1   907]]