17.254686209002102 Training_Time (s)
1.7033823759993538 Test_time (s)

0.6753796047706799 Kappa accuracy (%)
74.50217870027643 Overall accuracy (%)
74.69011410286434 Average accuracy (%)

[ 77.49584655  77.97628628  80.13403542  36.41126392 100.
  91.65172345  81.06060606  42.10239651  85.37886873] Each accuracy (%)

              precision    recall  f1-score   support

           0     0.7103    0.7750    0.7412      6621
           1     0.9880    0.7798    0.8716     18639
           2     0.5955    0.8013    0.6833      2089
           3     0.5843    0.3641    0.4487      3054
           4     0.9911    1.0000    0.9955      1335
           5     0.6956    0.9165    0.7909      5019
           6     0.9280    0.8106    0.8653      1320
           7     0.2976    0.4210    0.3487      3672
           8     0.4624    0.8538    0.5999       937

    accuracy                         0.7450     42686
   macro avg     0.6948    0.7469    0.7050     42686
weighted avg     0.7898    0.7450    0.7552     42686


[[ 5131     0     3   482     0     0    61   882    62]
 [    9 14534     0    49     0  1923     0  1990   134]
 [  118     0  1674     0     0     0     0   275    22]
 [ 1018   109     4  1112     0    69    22   116   604]
 [    0     0     0     0  1335     0     0     0     0]
 [    0    67    36     0     0  4600     0   316     0]
 [   51     0     0   123     0     0  1070    70     6]
 [  893     0  1093    17     0    21     0  1546   102]
 [    4     0     1   120    12     0     0     0   800]]