29.462409649997426 Training_Time (s)
3.806725837996055 Test_time (s)

0.8518967517840728 Kappa accuracy (%)
88.86285901700792 Overall accuracy (%)
88.07088098446447 Average accuracy (%)

[77.34481196 96.4590375  90.61752034 59.62671906 99.02621723 89.51982467
 97.1969697  84.34095861 98.5058698 ] Each accuracy (%)

              precision    recall  f1-score   support

           0     0.9671    0.7734    0.8595      6621
           1     0.9341    0.9646    0.9491     18639
           2     0.6642    0.9062    0.7666      2089
           3     0.7226    0.5963    0.6534      3054
           4     0.9940    0.9903    0.9921      1335
           5     0.9228    0.8952    0.9088      5019
           6     0.9483    0.9720    0.9600      1320
           7     0.7337    0.8434    0.7847      3672
           8     0.9230    0.9851    0.9530       937

    accuracy                         0.8886     42686
   macro avg     0.8678    0.8807    0.8697     42686
weighted avg     0.8944    0.8886    0.8880     42686


[[ 5121    20   512    44     0    12    67   832    13]
 [    0 17979     0   613     0    27     0    20     0]
 [   30     0  1893     0     0     0     0   158     8]
 [   50   818     0  1821     0   323     2    20    20]
 [    0     0     0     0  1322     3     0     0    10]
 [    0   412    14    12     0  4493     0    88     0]
 [    2     0     0     3     0     2  1283     4    26]
 [   88    19   431    27     0     9     1  3097     0]
 [    4     0     0     0     8     0     0     2   923]]