32.652976265999314 Training_Time (s)
4.305956112999411 Test_time (s)

0.7501521533820859 Kappa accuracy (%)
81.00313920254885 Overall accuracy (%)
74.0811180896746 Average accuracy (%)

[77.70729497 87.03256612 89.61225467 64.11263916 99.47565543 64.07650926
 90.45454545 75.49019608 92.84951974  0.        ] Each accuracy (%)

              precision    recall  f1-score   support

           0     0.6570    0.7771    0.7120      6621
           1     0.9113    0.8703    0.8904     18639
           2     0.7118    0.8961    0.7934      2089
           3     0.6165    0.6411    0.6286      3054
           4     0.9955    0.9948    0.9951      1335
           5     0.7958    0.6408    0.7099      5019
           6     0.9094    0.9045    0.9070      1320
           7     0.7728    0.7549    0.7637      3672
           8     0.9016    0.9285    0.9148       937
           9     0.0000    0.0000    0.0000         0

    accuracy                         0.8100     42686
   macro avg     0.7272    0.7408    0.7315     42686
weighted avg     0.8179    0.8100    0.8114     42686


[[ 5145    61   192   483     0     0   119   593    27     1]
 [ 1075 16222     5   485     0   819     0    27     1     5]
 [   20     0  1872    12     0     0     0   180     5     0]
 [  968    68     1  1958     0     6     0    12    41     0]
 [    0     0     0     2  1328     0     0     0     5     0]
 [  350  1395    13    45     0  3216     0     0     0     0]
 [   30    32     0    48     0     0  1194     0    16     0]
 [  243    22   539    93     0     0     0  2772     0     3]
 [    0     0     8    50     6     0     0     3   870     0]
 [    0     0     0     0     0     0     0     0     0     0]]