Run 13
Training Time (s): 29.49209619103931
Test Time (s): 14.864998625998851

Kappa accuracy (%): 0.9718255061263253
Overall accuracy (%): 97.6109083925485
Average accuracy (%): 98.34406697467428

Each accuracy (%): [ 97.27109515  97.08893289  98.42601626  99.57221943 100.
  95.51718046  99.66121961  99.30155211  98.25838687]

Classification Report:
                precision    recall  f1-score   support

     1.Asphalt     0.9570    0.9727    0.9648     11140
     2.Meadows     0.9739    0.9709    0.9724     23737
      3.Gravel     0.9704    0.9843    0.9773     15375
       4.Trees     0.9979    0.9957    0.9968      7948
5.Metal sheets     1.0000    1.0000    1.0000      2255
   6.Bare Soil     0.9907    0.9552    0.9726     22642
     7.Bitumen     0.9837    0.9966    0.9901      5018
      8.Bricks     0.9982    0.9930    0.9956      9020
     9.Shadows     0.9193    0.9826    0.9499      7005

      accuracy                         0.9761    104140
     macro avg     0.9768    0.9834    0.9799    104140
  weighted avg     0.9765    0.9761    0.9762    104140


Confusion Matrix:
[[10836     0   220     0     0     3    80     0     1]
 [    1 23046     9     7     0   125     0     0   549]
 [   28   210 15133     0     0     0     0     0     4]
 [    0     9    10  7914     0     0     0    15     0]
 [    0     0     0     0  2255     0     0     0     0]
 [  400   395   166     3     0 21627     0     1    50]
 [   17     0     0     0     0     0  5001     0     0]
 [    4     0    57     2     0     0     0  8957     0]
 [   37     3     0     5     0    74     3     0  6883]]
