76.39879371899951 Training_Time (s)
28.387936842000272 Test_time (s)

0.8775157632378559 Kappa accuracy (%)
90.50039825703978 Overall accuracy (%)
94.0022916763857 Average accuracy (%)

[ 86.93550823  87.92317184  97.27142173  97.02030124  99.85018727
  97.5692369  100.          82.65250545  96.79829242] Each accuracy (%)

              precision    recall  f1-score   support

           0     0.9323    0.8694    0.8997      6621
           1     0.9968    0.8792    0.9343     18639
           2     0.7753    0.9727    0.8628      2089
           3     0.6701    0.9702    0.7927      3054
           4     0.9315    0.9985    0.9638      1335
           5     0.9802    0.9757    0.9779      5019
           6     0.5461    1.0000    0.7064      1320
           7     0.9721    0.8265    0.8934      3672
           8     0.8532    0.9680    0.9070       937

    accuracy                         0.9050     42686
   macro avg     0.8509    0.9400    0.8820     42686
weighted avg     0.9294    0.9050    0.9102     42686


[[ 5756     0    58     3     0     0   633    18   153]
 [  359 16388     1  1378     0    99   414     0     0]
 [    0     0  2032     1     0     0     0    56     0]
 [   10    48     3  2963     0     0    16    13     1]
 [    0     0     0     0  1333     0     0     0     2]
 [   18     4     0     3    97  4897     0     0     0]
 [    0     0     0     0     0     0  1320     0     0]
 [   31     0   525    56     0     0    25  3035     0]
 [    0     0     2    18     1     0     9     0   907]]