17.473069955995015 Training_Time (s)
1.788355713004421 Test_time (s)

0.7980886899704053 Kappa accuracy (%)
84.51717190647987 Overall accuracy (%)
84.02870056528003 Average accuracy (%)

[68.53949554 91.73238908 81.66586884 64.96398166 99.70037453 95.97529388
 96.96969697 67.81045752 88.90074707] Each accuracy (%)

              precision    recall  f1-score   support

           0     0.8898    0.6854    0.7743      6621
           1     0.9781    0.9173    0.9467     18639
           2     0.7712    0.8167    0.7933      2089
           3     0.5211    0.6496    0.5783      3054
           4     0.9845    0.9970    0.9907      1335
           5     0.7757    0.9598    0.8580      5019
           6     0.5774    0.9697    0.7238      1320
           7     0.7475    0.6781    0.7111      3672
           8     0.8535    0.8890    0.8709       937

    accuracy                         0.8452     42686
   macro avg     0.7888    0.8403    0.8052     42686
weighted avg     0.8630    0.8452    0.8482     42686


[[ 4538    17    63   867    11   331   179   521    94]
 [    0 17098     0   556     0   824   155     0     6]
 [   98     0  1706     9     4     3     1   262     6]
 [   54   260    20  1984     1   227   420    57    31]
 [    0     0     0     3  1331     0     0     0     1]
 [    0   106     0     0     0  4817    96     0     0]
 [    0     0    22    12     0     6  1280     0     0]
 [  371     0   401   318     3     2    82  2490     5]
 [   39     0     0    58     2     0     4     1   833]]