22.17356689799999 Training_Time (s)
5.608426537999549 Test_time (s)

0.8842563125568255 Kappa accuracy (%)
91.10949725905449 Overall accuracy (%)
93.5803155711414 Average accuracy (%)

[ 92.91647787  89.17323891  96.21828626  85.33071382  99.7752809
  95.67642957 100.          85.26688453  97.86552828] Each accuracy (%)

              precision    recall  f1-score   support

           0     0.9557    0.9292    0.9423      6621
           1     0.9738    0.8917    0.9310     18639
           2     0.7967    0.9622    0.8716      2089
           3     0.7155    0.8533    0.7784      3054
           4     0.9823    0.9978    0.9900      1335
           5     0.8956    0.9568    0.9252      5019
           6     0.8392    1.0000    0.9125      1320
           7     0.8446    0.8527    0.8486      3672
           8     0.9008    0.9787    0.9381       937

    accuracy                         0.9111     42686
   macro avg     0.8782    0.9358    0.9042     42686
weighted avg     0.9180    0.9111    0.9126     42686


[[ 6152    53   122    11     6     0   201    42    34]
 [  135 16621     0   982     0   559     0   320    22]
 [    3     0  2010     3     0     0     0    64     9]
 [   84   288    14  2606     2     1    12    14    33]
 [    0     0     0     0  1332     0     0     0     3]
 [    0    84     0     0     0  4802     0   133     0]
 [    0     0     0     0     0     0  1320     0     0]
 [   61    22   364    40    15     0    39  3131     0]
 [    2     0    13     0     1     0     1     3   917]]