29.619858809019206 Training_Time (s)
4.023894751997432 Test_time (s)

0.7449591591622449 Kappa accuracy (%)
80.25582158084617 Overall accuracy (%)
81.74911538330308 Average accuracy (%)

[65.20163117 83.87789044 81.1871709  60.01964637 96.85393258 98.26658697
 98.71212121 66.88453159 84.73852721] Each accuracy (%)

              precision    recall  f1-score   support

           0     0.9397    0.6520    0.7699      6621
           1     0.9471    0.8388    0.8896     18639
           2     0.6215    0.8119    0.7040      2089
           3     0.4655    0.6002    0.5243      3054
           4     0.9649    0.9685    0.9667      1335
           5     0.6497    0.9827    0.7822      5019
           6     0.8098    0.9871    0.8897      1320
           7     0.7029    0.6688    0.6855      3672
           8     0.8992    0.8474    0.8725       937

    accuracy                         0.8026     42686
   macro avg     0.7778    0.8175    0.7872     42686
weighted avg     0.8348    0.8026    0.8077     42686


[[ 4317     1   138  1133     0   147   251   634     0]
 [    0 15634     0   259     0  2456     0   288     2]
 [    0     0  1696   283     9     4     0    89     8]
 [  205   853    45  1833     0    14    15    24    65]
 [    0     0     0    42  1293     0     0     0     0]
 [    0    10    10    67     0  4932     0     0     0]
 [    3     0     0     0     0     0  1303     0    14]
 [   69     4   824   238     8    38    35  2456     0]
 [    0     6    16    83    30     0     5     3   794]]