17.34730383400165 Training_Time (s)
1.776104442003998 Test_time (s)

0.7816243476616719 Kappa accuracy (%)
83.52621468397132 Overall accuracy (%)
72.66816016988334 Average accuracy (%)

[65.39797614 96.94189602 81.28291048 49.44335298 99.70037453 88.88224746
 98.63636364 57.81590414 88.58057631  0.        ] Each accuracy (%)

              precision    recall  f1-score   support

           0     0.9038    0.6540    0.7589      6621
           1     0.9490    0.9694    0.9591     18639
           2     0.5416    0.8128    0.6501      2089
           3     0.7615    0.4944    0.5996      3054
           4     0.9780    0.9970    0.9874      1335
           5     0.7848    0.8888    0.8336      5019
           6     0.9566    0.9864    0.9713      1320
           7     0.5193    0.5782    0.5472      3672
           8     0.6694    0.8858    0.7625       937
           9     0.0000    0.0000    0.0000         0

    accuracy                         0.8353     42686
   macro avg     0.7064    0.7267    0.7070     42686
weighted avg     0.8474    0.8353    0.8339     42686


[[ 4330    35   300   187     0    49    51  1586    83     0]
 [    0 18069     5   129     0   400     0     8    28     0]
 [   67     0  1698     0     0     0     0   314     8     2]
 [   32   403    51  1510     0   770     0    49   239     0]
 [    0     0     4     0  1331     0     0     0     0     0]
 [    0   506     0    52     0  4461     0     0     0     0]
 [    0     0     0     2     0     0  1302     1    15     0]
 [  362    28  1057    39    18     4     4  2123    37     0]
 [    0     0    20    64    12     0     4     7   830     0]
 [    0     0     0     0     0     0     0     0     0     0]]