16.3794570970349 Training_Time (s)
1.807592429977376 Test_time (s)

0.8594058624951004 Kappa accuracy (%)
89.09712786393665 Overall accuracy (%)
91.41281847234917 Average accuracy (%)

[ 92.23682223  84.70948012  67.06558162  93.22200393 100.
  97.82825264  94.62121212  94.52614379  98.5058698 ] Each accuracy (%)

              precision    recall  f1-score   support

           0     0.9403    0.9224    0.9312      6621
           1     0.9945    0.8471    0.9149     18639
           2     0.9346    0.6707    0.7809      2089
           3     0.9157    0.9322    0.9239      3054
           4     0.9926    1.0000    0.9963      1335
           5     0.7587    0.9783    0.8546      5019
           6     0.9743    0.9462    0.9600      1320
           7     0.6172    0.9453    0.7468      3672
           8     0.9380    0.9851    0.9610       937

    accuracy                         0.8910     42686
   macro avg     0.8962    0.9141    0.8966     42686
weighted avg     0.9154    0.8910    0.8949     42686


[[ 6107     0    30     5     0    33    29   384    33]
 [  195 15789     0   247     0  1428     0   980     0]
 [   21     0  1401     0     0     0     0   667     0]
 [   13    85     0  2847     0    74     3    13    19]
 [    0     0     0     0  1335     0     0     0     0]
 [    0     0     0     0     0  4910     0   109     0]
 [   54     0     0     0     0    10  1249     0     7]
 [  103     2    66    10     1    16     1  3471     2]
 [    2     0     2     0     9     1     0     0   923]]