Run 16
Training Time (s): 29.23770863795653
Test Time (s): 14.555087328015361

Kappa accuracy (%): 0.9735988418832374
Overall accuracy (%): 97.75787473211759
Average accuracy (%): 97.96140933696158

Each accuracy (%): [ 96.10778443  97.27668357  98.82255887  98.96306818 100.
  99.06988189  99.97555012  99.84932777  91.5878292 ]

Classification Report:
                precision    recall  f1-score   support

     1.Asphalt     0.9880    0.9611    0.9744     13360
     2.Meadows     0.9855    0.9728    0.9791     22289
      3.Gravel     0.9611    0.9882    0.9745     13334
       4.Trees     0.9994    0.9896    0.9945      7040
5.Metal sheets     1.0000    1.0000    1.0000      2041
   6.Bare Soil     0.9633    0.9907    0.9768     20320
     7.Bitumen     0.9942    0.9998    0.9970      4090
      8.Bricks     0.9922    0.9985    0.9953      8628
     9.Shadows     0.9539    0.9159    0.9345      7822

      accuracy                         0.9776     98924
     macro avg     0.9820    0.9796    0.9807     98924
  weighted avg     0.9777    0.9776    0.9775     98924


Confusion Matrix:
[[12840     0   275     0     0   209    19     0    17]
 [    0 21682   208     0     0    71     0     0   328]
 [  134    11 13177     0     0     7     5     0     0]
 [    0     4     0  6967     0     0     0    68     1]
 [    0     0     0     0  2041     0     0     0     0]
 [    0   159    30     0     0 20131     0     0     0]
 [    0     0     0     0     0     1  4089     0     0]
 [    0     0     9     4     0     0     0  8615     0]
 [   22   145    11     0     0   480     0     0  7164]]
