18.058807399000216 Training_Time (s)
2.067646103001607 Test_time (s)

0.7295417424240471 Kappa accuracy (%)
79.13601649252684 Overall accuracy (%)
69.35510356563775 Average accuracy (%)

[46.6545839  92.70883631 73.67161321 52.19384414 99.5505618  92.07013349
 97.04545455 63.5620915  76.09391676  0.        ] Each accuracy (%)

              precision    recall  f1-score   support

           0     0.8728    0.4665    0.6081      6621
           1     0.9800    0.9271    0.9528     18639
           2     0.6529    0.7367    0.6923      2089
           3     0.4685    0.5219    0.4938      3054
           4     0.9166    0.9955    0.9544      1335
           5     0.8425    0.9207    0.8799      5019
           6     0.5531    0.9705    0.7046      1320
           7     0.6092    0.6356    0.6222      3672
           8     0.2675    0.7609    0.3959       937
           9     0.0000    0.0000    0.0000         0

    accuracy                         0.7914     42686
   macro avg     0.6163    0.6936    0.6304     42686
weighted avg     0.8319    0.7914    0.7969     42686


[[ 3089     0   135  1220    14     0   503   649  1004     7]
 [    1 17280    35   269     3   679    30   201   141     0]
 [    0     0  1539    10     0     0    30   500    10     0]
 [  306   138     8  1594    10   183    47    78   688     2]
 [    0     0     0     6  1329     0     0     0     0     0]
 [   12   214    18    78     0  4621    73     0     3     0]
 [   32     0     0     1     0     0  1281     3     3     0]
 [   99     0   609   111    73     2   341  2334   103     0]
 [    0     0    13   113    21     0    11    66   713     0]
 [    0     0     0     0     0     0     0     0     0     0]]