Run 18
Training Time (s): 29.699581304972526
Test Time (s): 13.675119666033424

Kappa accuracy (%): 0.9761821086545889
Overall accuracy (%): 97.99445296577228
Average accuracy (%): 98.41117645458452

Each accuracy (%): [ 98.79237288  97.62085823  94.05940594  99.80879541 100.
  99.41620578 100.         100.          96.00294985]

Classification Report:
                precision    recall  f1-score   support

     1.Asphalt     0.9691    0.9879    0.9784     14160
     2.Meadows     0.9761    0.9762    0.9762     18410
      3.Gravel     0.9806    0.9406    0.9602     14847
       4.Trees     1.0000    0.9981    0.9990      7322
5.Metal sheets     1.0000    1.0000    1.0000      1861
   6.Bare Soil     0.9797    0.9942    0.9869     22782
     7.Bitumen     0.9102    1.0000    0.9530      2625
      8.Bricks     0.9998    1.0000    0.9999      6399
     9.Shadows     0.9974    0.9600    0.9784      6780

      accuracy                         0.9799     95186
     macro avg     0.9792    0.9841    0.9813     95186
  weighted avg     0.9802    0.9799    0.9799     95186


Confusion Matrix:
[[13989     1     2     0     0    77    74     0    17]
 [    0 17972   267     0     0   171     0     0     0]
 [  446    40 13965     0     0   212   184     0     0]
 [    0     5     8  7308     0     0     0     1     0]
 [    0     0     0     0  1861     0     0     0     0]
 [    0   133     0     0     0 22649     0     0     0]
 [    0     0     0     0     0     0  2625     0     0]
 [    0     0     0     0     0     0     0  6399     0]
 [    0   261     0     0     0     9     1     0  6509]]
