29.626683339003648 Training_Time (s)
3.905865287000779 Test_time (s)

0.8346763845904168 Kappa accuracy (%)
87.39165065829546 Overall accuracy (%)
86.48159970455245 Average accuracy (%)

[76.77088053 92.91270991 90.66539014 58.70988867 98.12734082 94.87945806
 95.60606061 83.46949891 87.19316969] Each accuracy (%)

              precision    recall  f1-score   support

           0     0.9611    0.7677    0.8536      6621
           1     0.9731    0.9291    0.9506     18639
           2     0.7843    0.9067    0.8410      2089
           3     0.5621    0.5871    0.5743      3054
           4     0.9472    0.9813    0.9639      1335
           5     0.7258    0.9488    0.8225      5019
           6     0.8336    0.9561    0.8906      1320
           7     0.8441    0.8347    0.8394      3672
           8     0.9018    0.8719    0.8866       937

    accuracy                         0.8739     42686
   macro avg     0.8370    0.8648    0.8469     42686
weighted avg     0.8857    0.8739    0.8758     42686


[[ 5083     0    37   614     0   375   252   246    14]
 [    0 17318     0   663     0   654     0     4     0]
 [    0     0  1894     0     0    32     0   163     0]
 [  195   366     0  1793     0   641     0     9    50]
 [    0     0     0     0  1310     0     0     0    25]
 [    0   113     0     1     0  4762     0   143     0]
 [    2     0     0    50     0     5  1262     1     0]
 [    9     0   484    37     0    77     0  3065     0]
 [    0     0     0    32    73    15     0     0   817]]