Run 8
Training Time (s): 107.02473952400032
Test Time (s): 46.578698613040615

Kappa accuracy (%): 0.7973967800714522
Overall accuracy (%): 83.32296543670672
Average accuracy (%): 73.58449756362755

Each accuracy (%): [ 0.         97.47659283 86.16121759 93.15499607 60.31606673 95.16794556
 77.79881017 89.13574219 63.04910695]

Classification Report:
                precision    recall  f1-score   support

     1.Asphalt     0.0000    0.0000    0.0000         0
     2.Meadows     0.7624    0.9748    0.8556      8758
      3.Gravel     0.7312    0.8616    0.7910      7096
       4.Trees     0.7015    0.9315    0.8003      6355
5.Metal sheets     0.9555    0.6032    0.7395      3417
   6.Bare Soil     0.9278    0.9517    0.9396     27628
     7.Bitumen     0.7317    0.7780    0.7541      7396
      8.Bricks     0.7091    0.8914    0.7899      8192
     9.Shadows     0.9598    0.6305    0.7611     22787

      accuracy                         0.8332     91629
     macro avg     0.7199    0.7358    0.7146     91629
  weighted avg     0.8547    0.8332    0.8302     91629


Confusion Matrix:
[[    0     0     0     0     0     0     0     0     0]
 [    0  8537    58     2     3   113     0     9    36]
 [    0    41  6114     0     0     4    47   810    80]
 [    0     6     0  5920     7   302    15     2   103]
 [    0   316     6   389  2061   475     1   110    59]
 [    0   441     5   496    12 26293   246   103    32]
 [    1     0    15    31     0    62  5754  1277   256]
 [    2    49   445    17    32   145   165  7302    35]
 [    4  1807  1719  1584    42   944  1636   684 14367]]
