Run 6
Training Time (s): 106.8803067660192
Test Time (s): 46.70694835600443

Kappa accuracy (%): 0.8078174533578093
Overall accuracy (%): 84.43756037440458
Average accuracy (%): 74.83828527946305

Each accuracy (%): [ 0.         86.98116833 81.80465368 83.60208679 90.47462096 93.09037424
 89.0448581  79.21903052 69.32777488]

Classification Report:
                precision    recall  f1-score   support

     1.Asphalt     0.0000    0.0000    0.0000         0
     2.Meadows     0.9008    0.8698    0.8850     10408
      3.Gravel     0.8212    0.8180    0.8196      7392
       4.Trees     0.6988    0.8360    0.7613      8434
5.Metal sheets     0.6861    0.9047    0.7804      3034
   6.Bare Soil     0.9513    0.9309    0.9410     30595
     7.Bitumen     0.6591    0.8904    0.7575      6554
      8.Bricks     0.7818    0.7922    0.7870      4456
     9.Shadows     0.8725    0.6933    0.7726     19190

      accuracy                         0.8444     90063
     macro avg     0.7080    0.7484    0.7227     90063
  weighted avg     0.8558    0.8444    0.8455     90063


Confusion Matrix:
[[    0     0     0     0     0     0     0     0     0]
 [    0  9053    15    81   181   551   108    11   408]
 [    1    54  6047     6    15     2   352   365   550]
 [    1     7     7  7051   547   272   146    29   374]
 [    0    16     4    11  2745    35    31   135    57]
 [    0    64    50  1004   217 28481   621    57   101]
 [    0     0    21     8     6    23  5836   292   368]
 [    0     7   264    11    35    21   502  3530    86]
 [    0   849   956  1918   255   553  1259    96 13304]]
