17.28324160199554 Training_Time (s)
1.770131830999162 Test_time (s)

0.6521035246746374 Kappa accuracy (%)
72.55540458229865 Overall accuracy (%)
76.5012768882338 Average accuracy (%)

[50.83824196 76.4418692  85.83054093 46.92206942 97.30337079 87.8461845
 97.27272727 64.73311547 81.32337247] Each accuracy (%)

              precision    recall  f1-score   support

           0     0.8637    0.5084    0.6400      6621
           1     0.9543    0.7644    0.8489     18639
           2     0.5808    0.8583    0.6928      2089
           3     0.6728    0.4692    0.5529      3054
           4     0.7071    0.9730    0.8190      1335
           5     0.5297    0.8785    0.6609      5019
           6     0.5730    0.9727    0.7211      1320
           7     0.4445    0.6473    0.5271      3672
           8     0.8533    0.8132    0.8328       937

    accuracy                         0.7256     42686
   macro avg     0.6866    0.7650    0.6995     42686
weighted avg     0.7863    0.7256    0.7326     42686


[[ 3366     3   298   252     0     0   753  1930    19]
 [    0 14248    20   281     1  3616     0   471     2]
 [    2     0  1793     0     0     0    31   248    15]
 [  392    73     6  1433   512   288    18   239    93]
 [    0     0     0    36  1299     0     0     0     0]
 [    0   605     0     5     0  4409     0     0     0]
 [    0     0     0     0     0     0  1284    36     0]
 [  115     1   957    61     0     9   150  2377     2]
 [   22     0    13    62    25     1     5    47   762]]