15.157256832999337 Training_Time (s)
1.5877653689994986 Test_time (s)

0.8862730432502026 Kappa accuracy (%)
91.39061987536897 Overall accuracy (%)
91.34022806102374 Average accuracy (%)

[ 88.12868147  94.26471377  76.16084251  85.49443353 100.
  89.47997609 100.          91.09477124  97.43863394] Each accuracy (%)

              precision    recall  f1-score   support

           0     0.9536    0.8813    0.9160      6621
           1     0.9543    0.9426    0.9484     18639
           2     0.7157    0.7616    0.7379      2089
           3     0.9229    0.8549    0.8876      3054
           4     0.9955    1.0000    0.9978      1335
           5     0.8797    0.8948    0.8872      5019
           6     0.8667    1.0000    0.9286      1320
           7     0.7943    0.9109    0.8487      3672
           8     0.9892    0.9744    0.9817       937

    accuracy                         0.9139     42686
   macro avg     0.8969    0.9134    0.9038     42686
weighted avg     0.9171    0.9139    0.9146     42686


[[ 5835   172   245    21     0     0   203   145     0]
 [    6 17570   297   143     0   608     0    14     1]
 [    6    44  1591     3     0     0     0   445     0]
 [   70   343     0  2611     0     6     0    16     8]
 [    0     0     0     0  1335     0     0     0     0]
 [   24   254     3     0     0  4491     0   246     1]
 [    0     0     0     0     0     0  1320     0     0]
 [  178    29    87    33     0     0     0  3345     0]
 [    0     0     0    18     6     0     0     0   913]]