Run 12
Training Time (s): 29.447229533980135
Test Time (s): 15.192898300010711

Kappa accuracy (%): 0.9696017300019816
Overall accuracy (%): 97.43833911600544
Average accuracy (%): 98.1840354418461

Each accuracy (%): [ 99.48483784  94.37881874 100.          98.33628667 100.
  98.26465124  99.59320835  98.93154429  94.66697185]

Classification Report:
                precision    recall  f1-score   support

     1.Asphalt     0.9668    0.9948    0.9806      8541
     2.Meadows     0.9822    0.9438    0.9626     27005
      3.Gravel     0.9298    1.0000    0.9636     12019
       4.Trees     1.0000    0.9834    0.9916     10158
5.Metal sheets     1.0000    1.0000    1.0000      2216
   6.Bare Soil     0.9894    0.9826    0.9860     23684
     7.Bitumen     0.9844    0.9959    0.9902      5654
      8.Bricks     0.9827    0.9893    0.9860      8049
     9.Shadows     0.9349    0.9467    0.9407      8738

      accuracy                         0.9744    106064
     macro avg     0.9745    0.9818    0.9779    106064
  weighted avg     0.9750    0.9744    0.9744    106064


Confusion Matrix:
[[ 8497     3    25     0     0     7     9     0     0]
 [  156 25487   730     0     0   134     0     0   498]
 [    0     0 12019     0     0     0     0     0     0]
 [    7     6    14  9989     0     1     0   140     1]
 [    0     0     0     0  2216     0     0     0     0]
 [   63   177    62     0     0 23273    32     0    77]
 [   23     0     0     0     0     0  5631     0     0]
 [    0     0    75     0     0     0    11  7963     0]
 [   43   276     2     0     0   108    37     0  8272]]
