Run 14
Training Time (s): 29.3329971699859
Test Time (s): 14.28314324899111

Kappa accuracy (%): 0.9773454132958347
Overall accuracy (%): 98.06036831208456
Average accuracy (%): 98.43131635593613

Each accuracy (%): [ 96.78450034  98.32724206  96.32713026  99.54739428 100.
  99.55952243  99.78196234 100.          95.55409549]

Classification Report:
                precision    recall  f1-score   support

     1.Asphalt     0.9932    0.9678    0.9803     14710
     2.Meadows     0.9626    0.9833    0.9728     21342
      3.Gravel     0.9789    0.9633    0.9710     16336
       4.Trees     0.9990    0.9955    0.9972      7733
5.Metal sheets     0.9611    1.0000    0.9802      2176
   6.Bare Soil     0.9754    0.9956    0.9854     17254
     7.Bitumen     0.9869    0.9978    0.9923      5045
      8.Bricks     0.9971    1.0000    0.9985      7219
     9.Shadows     0.9900    0.9555    0.9725      9132

      accuracy                         0.9806    100947
     macro avg     0.9827    0.9843    0.9834    100947
  weighted avg     0.9808    0.9806    0.9806    100947


Confusion Matrix:
[[14237     0   228     7    86   130     9     0    13]
 [    7 20985   105     1     0   240     0     0     4]
 [   53   456 15736     0     1    26    58     0     6]
 [    0     6     7  7698     1     0     0    21     0]
 [    0     0     0     0  2176     0     0     0     0]
 [   11     0     0     0     0 17178     0     0    65]
 [   11     0     0     0     0     0  5034     0     0]
 [    0     0     0     0     0     0     0  7219     0]
 [   16   353     0     0     0    37     0     0  8726]]
