Run 20
Training Time (s): 29.447390224959236
Test Time (s): 13.572272940014955

Kappa accuracy (%): 0.9764509531240682
Overall accuracy (%): 98.01605251254432
Average accuracy (%): 98.549849568569

Each accuracy (%): [ 92.65984296  97.08881492  99.91075106  99.95446266 100.
  99.37269209 100.          99.9234772   98.03860523]

Classification Report:
                precision    recall  f1-score   support

     1.Asphalt     0.9930    0.9266    0.9587     14264
     2.Meadows     0.9929    0.9709    0.9818     18927
      3.Gravel     0.9333    0.9991    0.9651     14566
       4.Trees     0.9979    0.9995    0.9987      6588
5.Metal sheets     1.0000    1.0000    1.0000      1802
   6.Bare Soil     0.9771    0.9937    0.9853     22477
     7.Bitumen     0.9968    1.0000    0.9984      3481
      8.Bricks     1.0000    0.9992    0.9996      6534
     9.Shadows     0.9885    0.9804    0.9844      6424

      accuracy                         0.9802     95063
     macro avg     0.9866    0.9855    0.9858     95063
  weighted avg     0.9809    0.9802    0.9801     95063


Confusion Matrix:
[[13217     0  1003     0     0     0     9     0    35]
 [    0 18376    24    10     0   517     0     0     0]
 [    0    12 14553     1     0     0     0     0     0]
 [    0     3     0  6585     0     0     0     0     0]
 [    0     0     0     0  1802     0     0     0     0]
 [   93     4     4     0     0 22336     2     0    38]
 [    0     0     0     0     0     0  3481     0     0]
 [    0     0     2     3     0     0     0  6529     0]
 [    0   112     7     0     0     7     0     0  6298]]
