30.326109736000944 Training_Time (s)
3.9103429520037025 Test_time (s)

0.8478095022902403 Kappa accuracy (%)
88.41072014243547 Overall accuracy (%)
85.95406357675208 Average accuracy (%)

[84.73040326 91.99527872 78.17137386 65.2259332  92.28464419 97.94779837
 93.56060606 87.17320261 82.49733191] Each accuracy (%)

              precision    recall  f1-score   support

           0     0.9507    0.8473    0.8960      6621
           1     0.9660    0.9200    0.9424     18639
           2     0.7847    0.7817    0.7832      2089
           3     0.8568    0.6523    0.7407      3054
           4     0.9731    0.9228    0.9473      1335
           5     0.7964    0.9795    0.8785      5019
           6     0.9286    0.9356    0.9321      1320
           7     0.6595    0.8717    0.7509      3672
           8     0.7692    0.8250    0.7961       937

    accuracy                         0.8841     42686
   macro avg     0.8539    0.8595    0.8519     42686
weighted avg     0.8954    0.8841    0.8856     42686


[[ 5610     0   100   105     0    57    11   711    27]
 [   81 17147     0    89     0  1028     0   290     4]
 [   23     0  1633     4     0    10     0   417     2]
 [   80   537    59  1992     0    65    64   152   105]
 [    0     7     1     0  1232     0     1     0    94]
 [    0    52     0     0     0  4916     0    51     0]
 [    0     0     1    44     0    13  1235    27     0]
 [  107     1   276     3     0    84     0  3201     0]
 [    0     7    11    88    34     0    19     5   773]]