Run 21
Training Time (s): 29.593953701027203
Test Time (s): 6.268825573963113

Kappa accuracy (%): 0.9419139041574123
Overall accuracy (%): 95.60980180855549
Average accuracy (%): 96.8720648321535

Each accuracy (%): [ 91.64778734  96.59852996  99.71278124  97.60969221 100.
  88.36421598 100.          99.83660131  98.07897545]

Classification Report:
                precision    recall  f1-score   support

     1.Asphalt     1.0000    0.9165    0.9564      6621
     2.Meadows     0.9684    0.9660    0.9672     18639
      3.Gravel     0.8191    0.9971    0.8994      2089
       4.Trees     0.9777    0.9761    0.9769      3054
5.Metal sheets     0.9933    1.0000    0.9966      1335
   6.Bare Soil     0.8749    0.8836    0.8793      5019
     7.Bitumen     0.9902    1.0000    0.9951      1320
      8.Bricks     0.9815    0.9984    0.9899      3672
     9.Shadows     0.9643    0.9808    0.9725       937

      accuracy                         0.9561     42686
     macro avg     0.9522    0.9687    0.9593     42686
  weighted avg     0.9582    0.9561    0.9564     42686


Confusion Matrix:
[[ 6068     0   460    50     4     0    12     0    27]
 [    0 18005     0     0     0   634     0     0     0]
 [    0     3  2083     0     0     0     0     0     3]
 [    0     0     0  2981     0     0     0    69     4]
 [    0     0     0     0  1335     0     0     0     0]
 [    0   584     0     0     0  4435     0     0     0]
 [    0     0     0     0     0     0  1320     0     0]
 [    0     0     0     6     0     0     0  3666     0]
 [    0     0     0    12     5     0     1     0   919]]
