11.470288306998555 Training_Time (s)
2.268959426000947 Test_time (s)

0.770096712779875 Kappa accuracy (%)
82.37361195708195 Overall accuracy (%)
81.36517892217223 Average accuracy (%)

[75.56260384 85.49814904 75.20344663 59.659463   89.88764045 99.50189281
 99.24242424 70.99673203 76.73425827] Each accuracy (%)

              precision    recall  f1-score   support

           0     0.8396    0.7556    0.7954      6621
           1     0.9331    0.8550    0.8923     18639
           2     0.6634    0.7520    0.7050      2089
           3     0.8940    0.5966    0.7156      3054
           4     0.7268    0.8989    0.8038      1335
           5     0.7066    0.9950    0.8263      5019
           6     0.9397    0.9924    0.9654      1320
           7     0.6017    0.7100    0.6513      3672
           8     0.9021    0.7673    0.8293       937

    accuracy                         0.8237     42686
   macro avg     0.8008    0.8137    0.7983     42686
weighted avg     0.8405    0.8237    0.8251     42686


[[ 5003    26   179     9    41     0    65  1298     0]
 [  370 15936     0   183    96  2041     0    13     0]
 [   71     1  1571     0    59     0     0   387     0]
 [  159   969     4  1822    31    22     3    25    19]
 [    0    73     3     0  1200     0     0     1    58]
 [    1     0     0    23     1  4994     0     0     0]
 [    5     0     0     0     0     4  1310     0     1]
 [  346    73   608     1    28     7     2  2607     0]
 [    4     0     3     0   195     0    14     2   719]]