Run 7
Training Time (s): 106.36059791903244
Test Time (s): 51.56813369895099

Kappa accuracy (%): 0.7934289220397818
Overall accuracy (%): 83.1698204902348
Average accuracy (%): 74.26010588439516

Each accuracy (%): [ 0.         93.59766764 90.42797975 70.89987715 86.88563327 96.06278265
 86.66019888 78.21896685 65.58784676]

Classification Report:
                precision    recall  f1-score   support

     1.Asphalt     0.0000    0.0000    0.0000         0
     2.Meadows     0.7603    0.9360    0.8391      8575
      3.Gravel     0.7122    0.9043    0.7968      8692
       4.Trees     0.8738    0.7090    0.7828      6512
5.Metal sheets     0.5775    0.8689    0.6938      4232
   6.Bare Soil     0.9441    0.9606    0.9523     30072
     7.Bitumen     0.7043    0.8666    0.7771      8246
      8.Bricks     0.7568    0.7822    0.7693      5188
     9.Shadows     0.9228    0.6559    0.7668     27252

      accuracy                         0.8317     98769
     macro avg     0.6947    0.7426    0.7087     98769
  weighted avg     0.8517    0.8317    0.8311     98769


Confusion Matrix:
[[    0     0     0     0     0     0     0     0     0]
 [    2  8026    14     0   278   166     0     2    87]
 [    1    30  7860     2    30    12    94   514   149]
 [    0    10    53  4617   886   537    71     0   338]
 [    0    73    30    24  3677   192    23    69   144]
 [    0   115    16   153   340 28888   272     8   280]
 [    0     0    61    23    18   197  7146   325   476]
 [    0    27   362     9    77    81   553  4058    21]
 [   48  2275  2640   456  1061   525  1987   386 17874]]
