17.208920576995297 Training_Time (s)
1.7196322649979265 Test_time (s)

0.7652344274933418 Kappa accuracy (%)
81.81605210139156 Overall accuracy (%)
84.20109628090295 Average accuracy (%)

[ 67.40673614  86.53361232  88.98994734  65.81532417 100.
  87.32815302  94.6969697   70.56100218  96.47812166] Each accuracy (%)

              precision    recall  f1-score   support

           0     0.9658    0.6741    0.7940      6621
           1     0.9657    0.8653    0.9128     18639
           2     0.4752    0.8899    0.6196      2089
           3     0.5203    0.6582    0.5812      3054
           4     0.9780    1.0000    0.9889      1335
           5     0.6875    0.8733    0.7694      5019
           6     0.8181    0.9470    0.8778      1320
           7     0.7856    0.7056    0.7435      3672
           8     0.8845    0.9648    0.9229       937

    accuracy                         0.8182     42686
   macro avg     0.7868    0.8420    0.8011     42686
weighted avg     0.8557    0.8182    0.8264     42686


[[ 4463    14   811   709     1     1   161   456     5]
 [    7 16129    61   922     0  1502     0     2    16]
 [    0     0  1859    31     0     0     0   194     5]
 [   96   208    50  2010     0   484    84    47    75]
 [    0     0     0     0  1335     0     0     0     0]
 [    0   334   298     0     0  4383     0     0     4]
 [    0     0     0    29    20     0  1250     8    13]
 [   55    17   816   155     0     5    33  2591     0]
 [    0     0    17     7     9     0     0     0   904]]