17.64386158700654 Training_Time (s)
1.7798586739954771 Test_time (s)

0.78664861777291 Kappa accuracy (%)
83.38799606428337 Overall accuracy (%)
84.93476591231203 Average accuracy (%)

[ 69.89880683  84.41976501  85.59119196  68.27111984 100.
  97.94779837  83.18181818  86.62854031  88.47385272] Each accuracy (%)

              precision    recall  f1-score   support

           0     0.8815    0.6990    0.7797      6621
           1     0.9933    0.8442    0.9127     18639
           2     0.7107    0.8559    0.7765      2089
           3     0.5491    0.6827    0.6087      3054
           4     0.9702    1.0000    0.9849      1335
           5     0.6576    0.9795    0.7869      5019
           6     0.9910    0.8318    0.9044      1320
           7     0.8138    0.8663    0.8392      3672
           8     0.5867    0.8847    0.7055       937

    accuracy                         0.8339     42686
   macro avg     0.7949    0.8493    0.8110     42686
weighted avg     0.8657    0.8339    0.8400     42686


[[ 4628     8   409  1047     7    11     8   321   182]
 [   43 15735     1   176     0  2537     0   103    44]
 [   13     0  1788   104     0     0     0   170    14]
 [  491    77     8  2085    11     9     2    60   311]
 [    0     0     0     0  1335     0     0     0     0]
 [    5    21     9     0     0  4916     0    68     0]
 [   12     0     0   179     0     0  1098     0    31]
 [   55     0   282   148     1     3     0  3181     2]
 [    3     0    19    58    22     0     0     6   829]]