Run 9
Training Time (s): 107.58614847797435
Test Time (s): 48.374846309947316

Kappa accuracy (%): 0.7420613213605131
Overall accuracy (%): 78.87603618369212
Average accuracy (%): 69.14029357485629

Each accuracy (%): [ 0.         93.77150955 79.44037215 86.12999404 99.48263119 97.93320965
 74.98842057 87.52015046  2.99635458]

Classification Report:
                precision    recall  f1-score   support

     1.Asphalt     0.0000    0.0000    0.0000         0
     2.Meadows     0.8601    0.9377    0.8972     14819
      3.Gravel     0.8263    0.7944    0.8100     14188
       4.Trees     0.9231    0.8613    0.8911      8385
5.Metal sheets     0.7469    0.9948    0.8532      1353
   6.Bare Soil     0.7470    0.9793    0.8476     26950
     7.Bitumen     0.8516    0.7499    0.7975     10795
      8.Bricks     0.6526    0.8752    0.7477      7444
     9.Shadows     0.3749    0.0300    0.0555     11247

      accuracy                         0.7888     95181
     macro avg     0.6647    0.6914    0.6555     95181
  weighted avg     0.7525    0.7888    0.7465     95181


Confusion Matrix:
[[    0     0     0     0     0     0     0     0     0]
 [    4 13896    31    54    83   704     3     8    36]
 [   34   998 11271     0    51   104    60  1413   257]
 [    0    57   155  7222    41   813    24     0    73]
 [    0     0     0     0  1346     2     0     5     0]
 [    0   214    75   203    14 26393    30    13     8]
 [    0     2    30    82    13   920  8095  1563    90]
 [    1    89   133    29   214   201   164  6515    98]
 [    1   900  1946   234    40  6193  1130   466   337]]
