Run 2
Training Time (s): 109.40968759800307
Test Time (s): 23.728990759002045

Kappa accuracy (%): 0.7057831037615898
Overall accuracy (%): 77.20536499560247
Average accuracy (%): 79.72709469905861

Each accuracy (%): [ 0.         47.48932241 95.78059072 99.15966387 97.48390872 97.00923171
 94.85570891 94.33962264 91.42580333]

Classification Report:
                precision    recall  f1-score   support

     1.Asphalt     0.0000    0.0000    0.0000         0
     2.Meadows     0.9917    0.4749    0.6422     17326
      3.Gravel     0.8439    0.9578    0.8972       948
       4.Trees     0.3331    0.9916    0.4987      1309
5.Metal sheets     0.9466    0.9748    0.9605      1709
   6.Bare Soil     0.6631    0.9701    0.7877     13107
     7.Bitumen     0.9358    0.9486    0.9422      4782
      8.Bricks     0.6289    0.9434    0.7547       106
     9.Shadows     0.9112    0.9143    0.9127      6193

      accuracy                         0.7721     45480
     macro avg     0.6949    0.7973    0.7107     45480
  weighted avg     0.8556    0.7721    0.7659     45480


Confusion Matrix:
[[    0     0     0     0     0     0     0     0     0]
 [   19  8228    24  2315     9  6299     1    12   419]
 [    1     0   908     1     2     0    17     9    10]
 [    0     2     0  1298     0     2     0     0     7]
 [    1     1     1     0  1666     7    23     9     1]
 [    0    31    22   142    33 12715   123     1    40]
 [   12     9    10     4    49    59  4536    28    75]
 [    0     1     2     0     0     1     2   100     0]
 [   21    25   109   137     1    93   145     0  5662]]
